Mallet Head			Hand		Elbow		Shoulder		Pitch	Vis
t	x	y	x	y	x	y	x	y		
0	3.486	2.458	3.667	2.604	4.194	4.583	4.447	6.608	a	l
0.033	3.486	2.438	3.667	2.604	4.194	4.583	4.447	6.608	a	l
0.066	3.5	2.417	3.667	2.604	4.194	4.583	4.447	6.608	a	l
0.099	3.5	2.417	3.667	2.604	4.194	4.583	4.447	6.608	a	l
0.132	3.514	2.396	3.667	2.583	4.194	4.583	4.447	6.608	a	l
0.165	3.528	2.396	3.681	2.562	4.194	4.583	4.447	6.608	a	l
0.198	3.542	2.375	3.681	2.562	4.194	4.583	4.447	6.608	a	l
0.231	3.569	2.354	3.708	2.542	4.194	4.583	4.447	6.629	a	l
0.264	3.639	2.271	3.736	2.5	4.194	4.562	4.433	6.629	a	l
0.297	3.639	2.25	3.75	2.479	4.194	4.562	4.433	6.629	a	l
0.33	3.722	2.167	3.764	2.438	4.194	4.562	4.433	6.629	a	l
0.363	3.806	2.021	3.764	2.396	4.194	4.542	4.433	6.629	a	l
0.396	3.903	1.875	3.764	2.354	4.194	4.521	4.433	6.629	a	l
0.429	4.056	1.75	3.778	2.312	4.194	4.521	4.433	6.629	a	l
0.462	4.181	1.646	3.806	2.292	4.194	4.521	4.433	6.629	a	l
0.495	4.306	1.646	3.833	2.292	4.194	4.521	4.433	6.629	a	l
0.528	4.431	1.708	3.847	2.333	4.181	4.521	4.433	6.629	a	l
0.561	4.528	1.854	3.861	2.375	4.167	4.542	4.433	6.629	a	l
0.594	4.611	2.125	3.875	2.458	4.167	4.562	4.419	6.629	a	l
0.627	4.639	2.375	3.889	2.562	4.153	4.583	4.419	6.629	a	l
0.66	4.667	2.708	3.903	2.688	4.139	4.604	4.419	6.629	a	l
0.693	4.681	3.083	3.917	2.833	4.139	4.625	4.406	6.629	a	l
0.726	4.667	3.458	3.917	2.958	4.139	4.646	4.406	6.629	a	l
0.759	4.653	3.854	3.917	3.062	4.139	4.667	4.406	6.629	a	l
0.792	4.653	4.062	3.917	3.146	4.125	4.688	4.392	6.629	a	l
0.825	4.639	4.438	3.931	3.25	4.125	4.688	4.392	6.629	a	l
0.858	4.611	4.729	3.903	3.354	4.125	4.708	4.392	6.629	a	l
0.891	4.583	4.958	3.889	3.458	4.125	4.708	4.392	6.629	a	l
0.924	4.569	5.146	3.847	3.521	4.111	4.729	4.392	6.629	a	l
0.957	4.542	5.333	3.833	3.583	4.111	4.729	4.378	6.629	a	l
0.99	4.514	5.458	3.833	3.625	4.111	4.729	4.378	6.629	a	l
1.023	4.514	5.562	3.833	3.667	4.111	4.729	4.378	6.629	a	l
1.056	4.514	5.604	3.833	3.688	4.111	4.75	4.378	6.629	a	l
1.089	4.542	5.646	3.833	3.708	4.111	4.75	4.378	6.629	a	l
1.122	4.556	5.646	3.847	3.708	4.111	4.771	4.378	6.629	a	l
1.155	4.583	5.583	3.861	3.688	4.111	4.771	4.378	6.629	a	l
1.188	4.597	5.479	3.875	3.646	4.097	4.75	4.364	6.65	a	l
1.221	4.611	5.333	3.903	3.604	4.097	4.729	4.364	6.65	a	l
1.254	4.625	5.083	3.931	3.521	4.097	4.729	4.364	6.65	a	l
1.287	4.625	4.75	3.958	3.438	4.083	4.708	4.364	6.65	a	l
1.32	4.625	4.396	4	3.333	4.069	4.688	4.364	6.65	a	l
1.353	4.653	3.854	4.014	3.229	4.056	4.667	4.364	6.65	a	l
1.386	4.722	3.042	3.958	2.771	4.042	4.646	4.364	6.65	a	l
1.419	4.778	2.125	3.792	2.354	4.028	4.604	4.364	6.65	a	l
1.452	4.764	1.062	3.639	2.25	4.028	4.583	4.364	6.65	a	l
1.485	4.778	1.25	3.639	2.271	4.042	4.562	4.364	6.65	a	l
1.518	4.792	1.521	3.694	2.333	4.056	4.562	4.364	6.65	a	l
1.551	4.819	1.854	3.722	2.417	4.056	4.562	4.364	6.65	a	l
1.584	4.889	2.229	3.736	2.5	4.069	4.583	4.364	6.65	a	l
1.617	4.944	2.667	3.736	2.625	4.069	4.583	4.35	6.65	a	l
1.65	4.986	3.042	3.75	2.771	4.069	4.583	4.35	6.65	a	l
1.683	4.986	3.417	3.778	2.896	4.069	4.604	4.35	6.629	a	l
1.716	4.972	3.833	3.806	3.021	4.069	4.604	4.35	6.629	a	l
1.749	4.958	4.167	3.792	3.146	4.069	4.604	4.35	6.629	a	l
1.782	4.917	4.458	3.792	3.188	4.069	4.604	4.35	6.629	a	l
1.815	4.861	4.688	3.792	3.229	4.083	4.625	4.35	6.629	a	l
1.848	4.806	4.896	3.792	3.312	4.083	4.625	4.35	6.629	a	l
1.881	4.736	5.104	3.764	3.417	4.097	4.625	4.336	6.608	a	l
1.914	4.681	5.25	3.75	3.479	4.097	4.625	4.336	6.608	a	l
1.947	4.611	5.417	3.75	3.521	4.097	4.625	4.336	6.608	a	l
1.98	4.5	5.521	3.736	3.583	4.097	4.625	4.336	6.608	a	l
2.013	4.444	5.625	3.722	3.625	4.097	4.604	4.336	6.608	a	l
2.046	4.361	5.729	3.708	3.667	4.097	4.604	4.336	6.608	a	l
2.079	4.278	5.792	3.694	3.688	4.097	4.604	4.336	6.608	a	l
2.112	4.208	5.833	3.667	3.708	4.097	4.604	4.336	6.608	a	l
2.145	4.083	5.854	3.639	3.708	4.097	4.604	4.336	6.608	a	l
2.178	4.014	5.833	3.611	3.708	4.097	4.604	4.336	6.608	a	l
2.211	3.917	5.854	3.597	3.708	4.097	4.604	4.336	6.588	a	l
2.244	3.833	5.792	3.569	3.688	4.097	4.604	4.336	6.588	a	l
2.277	3.722	5.729	3.556	3.667	4.097	4.604	4.336	6.588	a	l
2.31	3.667	5.688	3.528	3.646	4.097	4.604	4.336	6.588	a	l
2.343	3.583	5.583	3.514	3.625	4.097	4.604	4.336	6.588	a	l
2.376	3.542	5.521	3.5	3.604	4.097	4.604	4.336	6.588	a	l
2.409	3.472	5.438	3.472	3.562	4.083	4.583	4.336	6.588	a	l
2.442	3.417	5.333	3.458	3.521	4.083	4.583	4.336	6.588	a	l
2.475	3.375	5.25	3.444	3.5	4.083	4.583	4.336	6.588	a	l
2.508	3.319	5.167	3.431	3.458	4.083	4.562	4.336	6.588	a	l
2.541	3.278	5.062	3.403	3.396	4.083	4.562	4.336	6.588	a	l
2.574	3.236	4.917	3.389	3.354	4.083	4.562	4.336	6.588	a	l
2.607	3.208	4.792	3.389	3.292	4.083	4.562	4.336	6.588	a	l
2.64	3.167	4.688	3.375	3.25	4.097	4.542	4.336	6.588	a	l
2.673	3.139	4.583	3.375	3.229	4.097	4.542	4.336	6.588	a	l
2.706	3.125	4.542	3.375	3.188	4.097	4.542	4.336	6.588	a	l
2.739	3.083	4.438	3.361	3.167	4.097	4.521	4.336	6.588	a	l
2.772	3.069	4.292	3.361	3.125	4.097	4.521	4.336	6.588	a	l
2.805	3.056	4.188	3.361	3.083	4.097	4.521	4.336	6.588	a	l
2.838	3.056	4.062	3.361	3.042	4.111	4.521	4.336	6.588	a	l
2.871	3.056	4.042	3.361	3	4.111	4.521	4.336	6.588	a	l
2.904	3.069	3.958	3.361	2.938	4.111	4.521	4.35	6.588	a	l
2.937	3.083	3.896	3.361	2.896	4.111	4.521	4.35	6.588	a	l
2.97	3.097	3.854	3.375	2.854	4.111	4.521	4.35	6.588	a	l
3.003	3.111	3.771	3.389	2.833	4.111	4.521	4.35	6.588	a	l
3.036	3.125	3.708	3.403	2.812	4.111	4.521	4.35	6.588	a	l
3.069	3.125	3.708	3.403	2.812	4.111	4.521	4.35	6.588	a	l
3.102	3.139	3.667	3.417	2.792	4.111	4.521	4.35	6.588	a	l
3.135	3.153	3.625	3.431	2.771	4.111	4.542	4.35	6.588	a	l
3.168	3.181	3.583	3.431	2.771	4.125	4.542	4.35	6.588	a	l
3.201	3.208	3.521	3.444	2.75	4.125	4.542	4.35	6.588	a	l
3.234	3.222	3.479	3.458	2.729	4.125	4.542	4.35	6.588	a	l
3.267	3.236	3.438	3.472	2.708	4.125	4.542	4.35	6.588	a	l
3.3	3.25	3.396	3.472	2.708	4.125	4.542	4.35	6.588	a	l
3.333	3.264	3.375	3.486	2.688	4.125	4.542	4.35	6.588	a	l
3.366	3.278	3.354	3.486	2.688	4.111	4.562	4.35	6.608	a	l
3.399	3.278	3.333	3.486	2.688	4.111	4.562	4.35	6.608	a	l
3.432	3.264	3.312	3.472	2.688	4.111	4.562	4.35	6.608	a	l
3.465	3.264	3.292	3.458	2.688	4.111	4.562	4.35	6.608	a	l
3.498	3.25	3.312	3.458	2.688	4.111	4.562	4.35	6.608	a	l
3.531	3.25	3.312	3.458	2.667	4.111	4.583	4.35	6.608	a	l
3.564	3.25	3.312	3.458	2.667	4.111	4.583	4.35	6.608	a	l
3.597	3.25	3.312	3.444	2.688	4.111	4.583	4.35	6.608	a	l
3.63	3.25	3.292	3.444	2.688	4.111	4.583	4.35	6.608	a	l
3.663	3.25	3.312	3.444	2.688	4.111	4.583	4.35	6.608	a	l
3.696	3.264	3.333	3.458	2.708	4.111	4.583	4.35	6.608	a	l