Mallet Head			Hand		Elbow		Shoulder		Pitch	Vis
t	x	y	x	y	x	y	x	y		
0	5.597	2.479	3.958	2.583	3.389	4.75	3.642	7.067	e	n
0.033	5.611	2.479	3.958	2.583	3.389	4.75	3.642	7.067	e	n
0.066	5.611	2.479	3.958	2.583	3.389	4.75	3.642	7.067	e	n
0.099	5.611	2.479	3.958	2.583	3.389	4.75	3.642	7.067	e	n
0.132	5.625	2.479	3.958	2.583	3.389	4.75	3.642	7.067	e	n
0.165	5.625	2.479	3.972	2.583	3.389	4.75	3.642	7.067	e	n
0.198	5.625	2.479	3.972	2.583	3.389	4.75	3.642	7.067	e	n
0.231	5.625	2.479	3.972	2.583	3.389	4.75	3.642	7.067	e	n
0.264	5.611	2.479	3.972	2.583	3.389	4.75	3.642	7.067	e	n
0.297	5.611	2.479	3.972	2.583	3.389	4.75	3.642	7.067	e	n
0.33	5.611	2.479	3.972	2.583	3.389	4.75	3.642	7.067	e	n
0.363	5.611	2.5	3.972	2.604	3.389	4.75	3.642	7.067	e	n
0.396	5.611	2.5	3.972	2.604	3.403	4.75	3.642	7.067	e	n
0.429	5.611	2.479	3.972	2.604	3.403	4.75	3.642	7.067	e	n
0.462	5.611	2.479	3.972	2.604	3.403	4.75	3.642	7.067	e	n
0.495	5.611	2.479	3.972	2.604	3.403	4.75	3.642	7.067	e	n
0.528	5.611	2.479	3.972	2.604	3.403	4.75	3.642	7.067	e	n
0.561	5.611	2.5	3.972	2.604	3.403	4.75	3.642	7.067	e	n
0.594	5.611	2.5	3.972	2.604	3.403	4.75	3.642	7.067	e	n
0.627	5.611	2.5	3.972	2.604	3.403	4.75	3.642	7.067	e	n
0.66	5.611	2.5	3.972	2.604	3.403	4.75	3.642	7.067	e	n
0.693	5.611	2.479	3.972	2.604	3.403	4.75	3.642	7.067	e	n
0.726	5.611	2.479	3.972	2.604	3.403	4.75	3.642	7.067	e	n
0.759	5.611	2.479	3.972	2.604	3.403	4.75	3.642	7.067	e	n
0.792	5.611	2.479	3.972	2.604	3.403	4.75	3.642	7.067	e	n
0.825	5.625	2.458	3.972	2.583	3.403	4.75	3.642	7.067	e	n
0.858	5.625	2.417	3.972	2.583	3.389	4.75	3.642	7.067	e	n
0.891	5.625	2.312	3.972	2.583	3.389	4.75	3.642	7.067	e	n
0.924	5.625	2.208	3.958	2.583	3.375	4.75	3.642	7.067	e	n
0.957	5.625	2.125	3.944	2.604	3.375	4.75	3.642	7.067	e	n
0.99	5.611	2.125	3.931	2.646	3.361	4.771	3.642	7.067	e	n
1.023	5.597	2.208	3.931	2.688	3.361	4.771	3.642	7.067	e	n
1.056	5.597	2.354	3.917	2.75	3.361	4.792	3.642	7.067	e	n
1.089	5.583	2.521	3.917	2.812	3.347	4.812	3.642	7.067	e	n
1.122	5.597	2.75	3.917	2.896	3.347	4.812	3.642	7.046	e	n
1.155	5.597	2.979	3.917	3	3.347	4.812	3.642	7.046	e	n
1.188	5.583	3.271	3.917	3.104	3.347	4.833	3.642	7.046	e	n
1.221	5.556	3.562	3.917	3.229	3.347	4.833	3.642	7.025	e	n
1.254	5.514	3.875	3.903	3.312	3.347	4.833	3.642	7.025	e	n
1.287	5.444	4.188	3.889	3.438	3.347	4.833	3.642	7.025	e	n
1.32	5.389	4.479	3.889	3.542	3.361	4.833	3.642	7.025	e	n
1.353	5.347	4.771	3.889	3.625	3.361	4.854	3.642	7.025	e	n
1.386	5.292	5.042	3.889	3.729	3.361	4.854	3.642	7.025	e	n
1.419	5.222	5.312	3.903	3.812	3.361	4.854	3.642	7.025	e	n
1.452	5.167	5.521	3.903	3.875	3.361	4.854	3.628	7.025	e	n
1.485	5.125	5.708	3.889	3.917	3.361	4.854	3.628	7.025	e	n
1.518	5.097	5.875	3.875	3.979	3.347	4.854	3.628	7.025	e	n
1.551	5.042	5.979	3.861	4	3.333	4.875	3.628	7.025	e	n
1.584	5.014	6.042	3.861	4.021	3.333	4.875	3.628	7.025	e	n
1.617	5.014	6.042	3.861	4	3.319	4.875	3.628	7.046	e	n
1.65	5.056	5.958	3.861	3.938	3.319	4.875	3.628	7.046	e	n
1.683	5.111	5.812	3.861	3.875	3.306	4.875	3.628	7.046	e	n
1.716	5.167	5.521	3.861	3.75	3.292	4.875	3.614	7.046	e	n
1.749	5.264	5.167	3.861	3.604	3.278	4.854	3.614	7.046	e	n
1.782	5.389	4.708	3.847	3.312	3.264	4.854	3.614	7.067	e	n
1.815	5.5	4.125	3.833	3.125	3.264	4.812	3.614	7.067	e	n
1.848	5.681	3.229	3.833	2.896	3.264	4.792	3.614	7.067	e	n
1.881	5.736	2.333	3.833	2.625	3.278	4.771	3.614	7.067	e	n
1.914	5.778	1.812	3.833	2.521	3.292	4.771	3.614	7.067	e	n
1.947	5.806	2.042	3.847	2.542	3.306	4.729	3.614	7.046	e	n
1.98	5.819	2.354	3.931	2.583	3.319	4.708	3.614	7.025	e	n
2.013	5.833	2.625	3.972	2.625	3.333	4.688	3.614	7.004	e	n
2.046	5.819	2.833	4	2.667	3.347	4.667	3.6	6.983	e	n
2.079	5.792	3	4.042	2.708	3.375	4.646	3.6	6.983	e	n
2.112	5.764	3.125	4.056	2.729	3.389	4.646	3.6	6.962	e	n
2.145	5.722	3.208	4.083	2.75	3.417	4.625	3.6	6.962	e	n
2.178	5.681	3.25	4.083	2.75	3.431	4.625	3.6	6.962	e	n
2.211	5.611	3.292	4.083	2.75	3.431	4.625	3.6	6.962	e	n
2.244	5.583	3.333	4.083	2.75	3.444	4.604	3.6	6.962	e	n
2.277	5.542	3.333	4.083	2.771	3.444	4.604	3.6	6.962	e	n
2.31	5.528	3.333	4.083	2.771	3.444	4.604	3.6	6.962	e	n
2.343	5.528	3.333	4.069	2.771	3.444	4.604	3.6	6.983	e	n
2.376	5.528	3.333	4.069	2.771	3.444	4.604	3.6	6.983	e	n
2.409	5.542	3.312	4.042	2.771	3.431	4.625	3.6	7.004	e	n
2.442	5.542	3.292	4.042	2.771	3.431	4.625	3.6	7.004	e	n
2.475	5.556	3.292	4.042	2.771	3.417	4.625	3.6	7.004	e	n
2.508	5.569	3.271	4.042	2.771	3.417	4.646	3.6	7.004	e	n
2.541	5.597	3.229	4.028	2.792	3.417	4.646	3.6	7.025	e	n
2.574	5.611	3.208	4.028	2.792	3.403	4.667	3.6	7.025	e	n
2.607	5.625	3.188	4.014	2.792	3.403	4.667	3.6	7.025	e	n
2.64	5.639	3.167	4.014	2.771	3.403	4.667	3.6	7.025	e	n
2.673	5.639	3.125	4.014	2.771	3.389	4.688	3.6	7.025	e	n
2.706	5.639	3.083	4.014	2.771	3.389	4.688	3.6	7.025	e	n
2.739	5.639	3	4	2.729	3.389	4.688	3.6	7.025	e	n
2.772	5.639	2.917	4	2.729	3.389	4.708	3.6	7.025	e	n
2.805	5.625	2.854	4	2.708	3.389	4.708	3.6	7.025	e	n
2.838	5.625	2.854	3.986	2.708	3.389	4.708	3.614	7.046	e	n
2.871	5.597	2.833	3.986	2.708	3.389	4.708	3.614	7.046	e	n
2.904	5.597	2.833	3.986	2.688	3.389	4.708	3.614	7.046	e	n
2.937	5.583	2.792	3.972	2.688	3.389	4.729	3.614	7.046	e	n
2.97	5.583	2.792	3.972	2.688	3.389	4.729	3.614	7.046	e	n
3.003	5.569	2.792	3.972	2.688	3.389	4.729	3.614	7.046	e	n
3.036	5.569	2.812	3.944	2.688	3.389	4.729	3.614	7.046	e	n
3.069	5.569	2.812	3.944	2.688	3.389	4.729	3.614	7.046	e	n
3.102	5.569	2.812	3.944	2.688	3.389	4.729	3.614	7.046	e	n
3.135	5.569	2.812	3.944	2.688	3.389	4.729	3.6	7.046	e	n
3.168	5.569	2.812	3.944	2.688	3.389	4.729	3.6	7.046	e	n
3.201	5.583	2.792	3.944	2.688	3.389	4.729	3.6	7.046	e	n
3.234	5.583	2.792	3.944	2.688	3.389	4.729	3.6	7.046	e	n
3.267	5.583	2.771	3.944	2.688	3.389	4.729	3.6	7.046	e	n
3.3	5.583	2.771	3.944	2.688	3.389	4.729	3.6	7.046	e	n
3.333	5.583	2.771	3.944	2.688	3.389	4.729	3.6	7.046	e	n
3.366	5.583	2.792	3.944	2.688	3.375	4.729	3.6	7.046	e	n
3.399	5.597	2.771	3.944	2.688	3.375	4.729	3.6	7.046	e	n
3.432	5.597	2.771	3.944	2.688	3.375	4.729	3.6	7.046	e	n
3.465	5.597	2.771	3.944	2.688	3.375	4.729	3.6	7.046	e	n
3.498	5.583	2.771	3.944	2.688	3.375	4.729	3.6	7.046	e	n
3.531	5.583	2.771	3.944	2.667	3.375	4.729	3.6	7.046	e	n
3.564	5.569	2.75	3.944	2.667	3.375	4.729	3.6	7.046	e	n
3.597	5.569	2.75	3.944	2.667	3.375	4.729	3.6	7.046	e	n
3.63	5.569	2.75	3.944	2.667	3.361	4.729	3.6	7.046	e	n
3.663	5.569	2.729	3.944	2.667	3.361	4.729	3.586	7.046	e	n
3.696	5.569	2.729	3.944	2.667	3.361	4.729	3.586	7.046	e	n
3.729	5.569	2.729	3.931	2.667	3.361	4.729	3.586	7.046	e	n
3.762	5.569	2.729	3.931	2.667	3.361	4.729	3.586	7.046	e	n
3.795	5.569	2.729	3.931	2.667	3.361	4.729	3.586	7.046	e	n
3.828	5.569	2.729	3.931	2.667	3.361	4.729	3.586	7.046	e	n
3.861	5.569	2.729	3.931	2.667	3.361	4.729	3.586	7.046	e	n
3.894	5.569	2.708	3.931	2.667	3.361	4.729	3.586	7.046	e	n
3.927	5.569	2.708	3.931	2.667	3.361	4.729	3.586	7.046	e	n
3.96	5.569	2.708	3.931	2.667	3.361	4.729	3.586	7.046	e	n
3.993	5.569	2.708	3.931	2.667	3.361	4.729	3.586	7.046	e	n
4.026	5.569	2.708	3.931	2.667	3.361	4.729	3.586	7.046	e	n
4.059	5.569	2.708	3.931	2.667	3.361	4.729	3.586	7.046	e	n
4.092	5.583	2.688	3.931	2.667	3.361	4.729	3.586	7.046	e	n
4.125	5.583	2.688	3.931	2.667	3.361	4.729	3.586	7.046	e	n
4.158	5.583	2.688	3.931	2.667	3.361	4.729	3.586	7.046	e	n
4.191	5.583	2.688	3.931	2.646	3.361	4.729	3.586	7.046	e	n
4.224	5.583	2.688	3.931	2.646	3.361	4.729	3.586	7.046	e	n
4.257	5.583	2.688	3.931	2.646	3.361	4.729	3.586	7.046	e	n
4.29	5.611	2.667	3.931	2.646	3.361	4.729	3.586	7.046	e	n
4.323	5.611	2.667	3.931	2.646	3.361	4.729	3.586	7.046	e	n
4.356	5.611	2.667	3.931	2.625	3.361	4.729	3.586	7.046	e	n
4.389	5.611	2.667	3.931	2.625	3.361	4.729	3.586	7.046	e	n
4.422	5.611	2.667	3.931	2.625	3.361	4.729	3.586	7.046	e	n
4.455	5.611	2.646	3.931	2.625	3.361	4.729	3.586	7.046	e	n
4.488	5.611	2.646	3.931	2.625	3.361	4.729	3.586	7.046	e	n